Aucwoaun'

22,835211105,15.
2181111105

21-21 1122111868

21, ,11161 1115,18

32. ,8111111116
Ζ1011116,28-118,12. ,8201
11823

Ζ1111180,21-32 8528 11 132,
21

Ζ1511181,1-5, 891 1159,18
8 , , ,88111519
Η,Η881ἣ1
Ζ1911183,1-9 , 8529 111332
22-21 81921181,1

28, ,8188118013
Ζ2611181,15, ,8530111331
15-29 8518113523

21. . 8111143111
Ζ2111181,80-188,21, 8551
p. 131,18

Ζ2911189,8---30 8202 118318
Ζ3611191,26-192,1 , 8116
116322

Ζ3111192,8-16 8111 11613
Ζ38 11192,11-26 8203118325
Ζ3911192,21-191,2 . 8195
1112813

Ζ1011191,3-18 1120111811
Ζ1111191,25-30 8118116110
Ζ1311195,11-30 8119116111
Ζ1111195,31 , ,8105 1160,18
Ζ4511196,22-25 . 1199 111102
11211201,26-202,3 , 11185
1180,1

119 ....... 1 111) 11312
11205,21-32 81811 118115
32, ,8119 1111110

112085 , ,8181118011
81011206,12-201,21 , Β 121)
116121

81111209,13-32 8222118610
111511210,1-11 8981151121
12-18 B 1011 116111
Η1111211,19-30 11121 116528
8-11 8891151,15
11191),212,21-213,3 . 8561
111111

112111211113-111. 1183 1111111
828112118 , , 1115511155
1151111161,22-52 B 92 115119

215

8811ιί11.Ζὸ 1111120. 11521111212,23 &anamael 11211,18-218,6 , 8152

111121
83 1121813. 8351 1110513
85 11219,11-11 11110 11185
11-16 81821119,16
88 11220,23-221,3 , . 881
1156,11
11221,1 , , ,885 1151,3
815112231-12 11198 1181,11
9-12 11198 1181,13
12. . 8101113,18
12-11 ,863 1152,8
81811221,25-28 82231186,18
8211112211 , 8198 1112321
82811228,11-18 856211111,12
83011228,28-229,2 , , 8158
1115,13
831 11229,1-12 8530 111331
8391123222, , . 11361192
21. . ,13611911
21.. ,13611811
81111233,1 , 11353 1110516
81111235,1 . . ,1131 11311
81811235,11-23 855211138,11
85111231,10-13 11531 11133,6
85611231,29-238,20 , , 893
115816
8581123911 , , 8109 1160,23
8591123921. , 1138 1110,13
86611212,8-18 8213 119513
12 1121325. . ..11011119
11 11213,31-211,10. ,8532
111338
11011215,29-216,25 , , 8122
1166,1
Ι1211211,2-6, . 895 11598
11111250,21-251,6 , ,8123
1166,28
118112511-12 85331113313
12611255,19-256,11 , , 8226
1186,28
13911261,28-32 82511191,20
14511268,26-31 81831119,18
131111211,11-218,1 . ,8121
1161,11
1,·11511218,8-23 8 125 1161,28
131811280,13-281,2 , ,8620
11152,3
11119 11281,3 . 8360 11106,21
1112511281,3-1 8503 11130,1
1112911284,26-·21 8531113311
18*

 

