111 INDEX .

111 INDEX SCRIP'PORUM lN NO'PIS CITA'PORUM

LOGl ARISTOTELICI

1101101271138112511111 11183 p. 1211 1111111111 ,111 11192131. 1113113111
1111413111. ,1111111315
,1 1ss [1191111. 11111319

De sensu 5 11111130. . . ,111211319
Do somn. et vigil. 2 11156111 ,1101113
3114571211 1166 p. 19,2
01111111ιηοηθ11116919-20 1177112119
1111111111311171120 , . . 1101113
1111175129 , . . 11011113,
1111911311
nist. anim. Al p. 48712‘22 11136 p. 120,7
33-18818 125
11513
1118817 . ,1126 11115
20. ,12611116
26.. 11261111
28.,11911158,1
11188113. . 1251117
,15 11189135. 11211317
35-18910 ,12
11121
1119016 . . 11201118
7 , . 1181115
9 . . 1201119
1119013 3167117111.
207 11818, 216 p. 90,11.
28319129
116 11190110. . ,111125
12. . 11211121
21. Α 1411131113
1119111 . ,11111111
21. ,35113117
A 6-17 ρ,191·21-19712
115 113117
A? ρ.191ι3ο..11ῖ>ρ.36,19
p491b2 . Ι1111113129
Aa 9 . .1151136,21
11. Ι1139 11119
119 11. 1139111111
23. 1139111113
110 1119217 . 1139 p. 43,15
,111 22. 11106 p. 309
28. 1110611309
11192127. 1113113111
33. 1113113113

31. 1112113111
1119511 ,1111311311
Β121137,12

7“. 1112113110

18. 1113113115

23. ,111111312

21. 311113117

27. ,1111 11313
1119511 . .11231110,8
8 . ,1111113111

11. 311 113112

19. 3161131118

27, .1119 113116

29, ,32011319

31. 1120113110

1117 11196111. 1121 1131115
35, 1121111111
1119619 . .11221110,5
10. 1125111111

15. 1126111118

31. ,112711111
11197111. ,112711113 ,
21. ,1127 11115

30. ,02811117
1119711 . 1130111116
111 11197116. 11131 11710
17 ,11138 117113

22. 1169115120

26, 1170115123
11191118 , ,1111011511
33 11326 p. 10120
11198115 , 1113311725
7 . 1113311723.
116111218

181106 113010

1118114991 1111 ·

p. 13115

11199113 . 11116 p. 1219
11199111 . B? p. 36:28.
215 1190,12

 

