270

331111181311599132...11311311 Histania& 11012128 38851111133.

1117 11600128. 3333 p. 102,8
11000110. .113113,10

21) 3578 1114113
31811601110. . ,141115
32. 12211113.
1141131,8

8221160414 . 31771119,2
7 . 31781179,5

8 . 31781179,0

10 . 3455 p. 122,4

’ &mmmmam Bw

111401

11004111 349011127,15

19 3374 p. 10318

11605111 ,3583111406
8271100519 . . 1361191
19. 13711107.
11201132,2

828 11605131 . 3420 11118,1
1100016 350711142,24
10. 11501135,7

11600110 ,32501 111933
1100713 3403113128
11 11008127.31741178,13
33 . 3249 119038.

332 p. 102,1

1100818 . ,33811433
11609127. ,12311114
1100911 11212 1185,14.
21911804

1 ..12211112
11010113. 3280 11913
15. .3771155,9

20. ,37711538

21. 1177 1155,11

28. 1117 1151113

14 1101113 .357911145,4
15 11011115.348711127,7
18. 11170 1178,0

22 . 3488 11127,9

25 3488 p. 127,10

11011114 348911127,12

17 11489 p. 127,14

20. 3491 111281

20 349011127,15

10 11011132 . 3331 p. 112,7
33 333511112,13

34 3333 p. 102,10

1101215 . 11101131,2

7 ,3250119018

31 mnu

387 1111211

31ωωμηω
111431η111
lmssaemnwss
fflpfflffifflmAfflstM

11011014120. . 124 115,4
1111101511 ..1141113110
101511..13112
28. . 1231132.

241115

130 1162015 ,11215 118318
137 11021119. A 149 1135,5
14011020117, . 13011111
ιμμωω.ωμμηω
30 . B 150 p. 74,13

33. 3145117111

1103015 . 31401174,5

,(1 ,3289111110
2112119117

10. 3280 11913

11. Β2871197,4

14. 3288 11915

140 11030122. ,38211563
24. ,381 1150,3

25. .3811156,4

27. ,38111534

· 147 11030131 . 3457 11122,7

1103111-7 358111145,17

148 11032110 34821112612.
50911131,18

21 345811122,10

30 359311147,13

11032110. 11101131,2.
1171131,14

K 1-311113111-63618 165
1118,9

37 11038111. 1811124,14
11038110. 181 112120

Part. anim. 37 11053117. ,154 p. 14,7

381105412 . . ,151117
39 11055114. 3135 pm
313 1). 057129. 111] 1132,4
3141105812 ,1100113010
8 . ,31211319

Γ 1 11001117-20 19112,17
ω..1ομᾒω

1100210 . . 16 112,12
1166211 . .122114,11

12 11003112 . 3471 11120,4
31 . 11 470 111232

 

