1363031111

18. 15211111.
37511516

22. ,37611517

Ζ28 p. 578132-115. . 115711
111110

229 11578116 ,3486111214
13. 149 p. 13,12.

11487 p. 127,6

13 . 1111 1111113

32. 11485 p. 127,ἰ·1

1157914 ,11485 111213
Ζ311 11573118 . 113311 p. 102,4
20 . 149 1111113.
3331111015

’231 11579132. 11140 11732
1157912 . 3143117311

5 ,3149117111

’1 ,3140117313

142 117117

11 . 3139 1172,14

Ζ32 11579116 . 3310 p. 91112
2111 ,1. ,11111111 . 111611 1111111
33. 151 111315

234 p. 58016 11391 1111122
’135 11580111. 148 p. 13,10.
3211118112

23 . 150 p. 13,14.

3199 11111111

26. 11284 1197,1

29. 32851197,2

’137 11580129 3347 p. 10122
111 11581112. .11681120,3
17. ,16811203

27. ,168112114

31. .168 112116

1158116 . ,168112113

24. 1170112118
11582116. ,17111217

24. 1110211334

29. ,172112119

112 1158314 . 1107 1130,12
10. 1103113115

113 11583114. 1741121,21
24. ,17511228

11583112 . ,17911213

9 . ,17911211

14. ,17911215

Η4 11583129. ,1175 11229
1158416 . 1761122,11

12. ,1711112211

269

manniam? 11578117. ,3711 p. 55,3 111111ῃί111. 111 11584122. 176 112114

30. 1111511337

33 1461113580

11219. 33411425

1158416 . 1911128,11
27. 1101 113112

31. 3315114110

1158513 . 1100113111

12. 11881127,10

Hb p. 585123 . . 1134 11213
114. 1132114119

11585112 . 13511293.
33411427

116 1158518 ,1911112313
21. 1187112315

36 . 11272 p. 3126

Η7 11586118. 1771122111
118 11586134, ,18211212
p. 586112 . . 1177 p. 23,9

23. ,18311216

1110 p. 587127 . ,193 112819
82 1158911111111. 111 p. 3,3
113 11532118 . .1123114,14
11533112. . 123115,1
1511111. A 17 p. 1,.1.

241151

29. 12211113.
1111411318

115 1159414 . . . 131138
115 11594125. . 116 112,12.
11207 11817

26 . 3239 p. 89, 20
29.112141185,16

31 . 3312 p. 99,15

1159415 3334 p. 10111

16 333411102,12

17. 1114811717

25. B 136 p. 72,Ιο

26 . B 138 p. 72,1·2

86 p. 59518 3345 p. 104,14.
11573 p. 14321

13. 1178115115

118 11595131 11791156,1.456
p. 122,5. 463 1112220

119 1153613-1211961159,12
11596120. . 127116,4
1112 1159714-113 12611516
p. 537113-’1 . 1126 115,111
81311598130. 1381110,13
11598111 . 11501135,8
1113 11533131. . ,113 1138

 

