ffiss

111 mnssx

llist.anim.F.8 6512132. ,196 62311. 111115616332 6557112. . 136 635

333 6133

651211 . .12866,10

Es) 6512110. ,333 612,1
26. ,333 642,1
6512132. ,140 611,7
651317 , 140 611,10
1111651316 . 138 p. 10,1‘2
1112651111 . ,139 611,4
8 . ,139 611,7

311 651513 ,3169 67317
6 . 31706731

10 . 3577 61116

26. ,3346427

654611 ,1144661238

3 ,140 61312.
34516122.2

4 3153612310

6 . ,3716532

11. 152 614,1.

375 6536

315 6516116. 143 6131.
133 63310

651711 . ,1116133
13. 141 p. 12,10

15. ,1116138

26. ,1446138

651710 . 14161311
11. 145 612,11

18. ,1436133

21. ,1156131

116111Η16663 ’

F. 18 6550110. ,139 p. 11,6
6550112. .139611,6
319 6550132. . 120 p. 18
655111 . ,1366310

13 ,136 6810. 32

655115 . . 136 631

9 , . 136 636

16. ,136 6310

23, . ,136 631

27 136 68,9.10,1

6552115, . ,136631
16.1363Μ

31, . 136 636

655211 . ,136 6310

6 . ,1376135

1121 p. 5531178166 135 6311
331 6557126 . 1 115 631,Ιο
116301..11611
6 . . 136 631

333 6557125. ,136 p. 10,1
Zl 6558128. ,1226312
30. 1130 6337

Ζ2 6559ι20. ,1286313
6559128. . ,133 638

Ζ1 6562122. ,100 62321
Ζ5 656315 . ..1306317
11. ,1306318

12. ,1296316

Ζ6 6563117. ..1316318
Ζ7 6563119. ..1226112
Ζ8 6561120. . ,132 67.5
Ζ9 6561128. . ,133 636
656412 . . 133 639
Ζ116566118. 11161312
Ζ14 6 568116. 110 61310
Ζ 18 p. 571115-21 356061131
23 3169 p. 124‚11

657215 ,3160 67318

8 ,3580611313

657217 ,3620 61537

26 . 3169 6 77,18

20. 1103 6334

657313 3578614311
Ζ106573120. 152 61316
Ζ20 6571120. ,1186139
30 . B 169 p. 77,18

6574111. 3169 67318

19. 3172 6738

21 . ,118 61310.

3170 6735

27. 3171 6787

28. 3169 6739
29.31811679,11

657515 . 3173 6739
Ζ21 6575125. . 152 6 11,1
Ζ22 6575121 . 3 577 61136
2611961310.

3578 611310

6 576124 3578 p. 144,11

26 . 3581 p. 1137

6 576110. 3579 61131
657717 ,3170 6736.
3578 6 11312

Ζ23 6577122 3581 6 14316
21. 14061311

p. 57715 3581 611311

126 6578110. 110 p. 1312.
3151161232

12 3459 6. 12313

 

