AUCTORUA

14 [166616 . 11111313
16611113 3345 110116

11 1 61111134. 11112 [128,13.
11413 [1116,15

110 [16121111. 1125141115
Γ 12 [1613132 . 11516 [1 144,3
1614111 . B 161 11111

'A . .1114 1111111

114 [16141124 . ,1118 [124,1
[16141114 34521121,18

1 3481112310

11115111 . . 1161212

23 . 11168 [1 1113

111 [16161122. 11121 [1324
112 1616125 . 3514 [1. 144.1
21 11451 [1121,16

211 334511114,11

[16111134 3451 [1 121,16

A 111 [16861120 . 3208 [18,18
1 688114 . 3245 10113

34. ,11 111 [1.4,1.

3133 1123

16891133. 3136 [1129

[1 611015-24 A 15 [1 4,1

[1 61101121 ,1131513313
3111631119 . . 116 [1212
[1 61111211 . 11 121 13211
31.ΑΙ42134,11

1113 [16111111 . 11121 [1324
16011111 . 3436 1120,1

1111111115 [1106113. . ,41361311
1 11011124. ,1141113115 ,

10 [11101110. . . Α1914,1
14 [111211 . 3513114321
16 [11131126. .Α115[131,10

0111111111111 1115110. . 1151211

113 [1116111 . A 116131,12
115 [1111126 11426 [1118111
119 [1118121. 11124 1321
,1131120115 . 11152 [1310
,116112114 . . ,120 [118
111111211132-11 11591168
1121113 . 11611 [116,11
1118112218 . 3212 [1, 31126
[112213 . 1160 p. 16,14
1ζ11118
1123132 . ,160 116,11
1124134. 1151111611
1113112611 . 1158 [1.16,5
1 ..1108130311

Al

Partanim.l'3 16041113. 1112113211 01111111111113 [11211121. 1162 11112

[1121112. 1164 [1.18,1
· 31. 11631131
1120 [1121133 . A 64 118,3
11281121 . 1162 111,15

26. 1162111,14

[1129113 . 1163 111,18
1122113011 . ,1631181
1123113118 . . 115129

113118-14 1115313510

31 [11331125 . A 31 11116
[1130123. 1111 [122,19

32 11351123. Α55 [114,111
Μῶη.131111
31. 11551118

- [113612 .Α51[115,13

8-13 1151115,18

10. ,151 111114

18. ,156 [115,10

113 [11361122. 156 115,9
21. A 66 [118,18

35. 166 [119,1.
68111116

1136112. 1166 11112
13. Α66 11116

21. 11661131

33. 11661133

35. 1161 [119,11

114 [1138119 . 1111211116
1130116 . 1163 [1 11,21
35. 1113121,11

1139126 . A 11 12216
[11411113. 11111234
11. 1111 122,Ῑο

25. 1166 11113

21. 11111235

33. 1111 12312

35 [1141115. Α11 122111
36 1141125. 1111 [1234
114218 ,3201 1811.

’ 2831111120. 3110111221
[1142135. ,111 [12219
[11451111. ,11131316

31 [1145124. 11661133
211. 1111 12311

29. 1162111,11

30. 11131 p. 33,ss

114618 ,1118 12315
111. 31812313

11461211 . 1165 [1 18,15
31. ,1611120,1

 

