1007011011

11573 [114021

16. ..4151014

p. 500110 . 11478 [11206

18. 1170 [15022

22 8326110122

28 . 11137 [172. 12.
24719014

29 11440 [112012

[150016 . 1172 [15024
15. 11136 [1709.

446 p. 1208

22 . 11479 11207

23. 11209 p. 859

24 11379 [1 10029

1501116. .16 [1210.
81331721816717011.
24519012

p. 501119 . A 125 p. 32,Ιο

23. . 101012

112 [150115 . 1117317011
83 111111111511
22. 1109 [13016

11111307

110 150213 . 1171 [15023
Β7 [1502112. . 191018
812 p. 501116 . A 142 p. 3011
27. . 113138

1113 [1505125. . 112107
28. . 161012

150512 . 1151 [1358
1115 [1506110 . 11575 [11402
211. 1126 [14018.
48011208

31 . 11480 p. 1209

1116 [1506111. 82614018
24. 1122 [1306

1117 1507134. 11281331
1507115. 8713028.
138 [17013. 326 p. 10021
1507117. 11284 [1901

19. 11168 p. 7013

37. 1173151211

Γ 1 [150919 11426 p. 11019
1510111. ,1127 [1416
[151015 . ,11281407

8 ,1137911101

[1511128 1134111104,Ιο

30 11345 p. 104‚14

Γ7 [1516110 . 11167 [17012

267

Histanian [149919 ,1147611201 1111111ιί1117 1516118..111113029
11.114[13,13. ’

[151617 . 01351708

9 . 31351727

Γ 9 1517125 . 11478 p. 1206
Γ 10151714 . 11241307
5 . . 112107

Γ 15 [1519114. 1152 [1309
Γ 17 p. 52016 11574 p. 14022
Η..171οΜ

Γ 18 [152016 . 1123 p. 32,7
Γ 19 p. 520123 . 11 483 p. 1201
Γ20 [1521111 . 1113517011
17. ,1941205

32 11449 p. 12012

Γ 21 p. 52218 . 1129 13011
[152319-12 Α 94 p. ‘29‚9

Γ 22 [1523117. 157 [11014
11 [152311-5. ,13102
0..10101

18. . 120108
1525113. 1121413012

12 [152516 ,1149111202
14 [1528110. . .15[12,7
15 1530134. 11371303
[1530129. 1137 [1303

17 [153217 . 11101301
10. 120 [14.8.9.

1381305

18 [153313 11419 [111023
19 153515 11013,3.119
[1301

11. 11391318
14.1127132,11
1111537124. . 15109.
1153111010

[1538125. 1140 [1309

ΕΙ p. 533114 . 198 p. 2018.
8713028

112 [1539121. 11140 [1704
- 22.114091116,2
111101

[154014 ,11486 p. 1204

11 ,321118012

10. 1129111909

13. 8453112019

13 114511 p. 12014

21. ,1174 [1505

136 [154111 ..1391104
119 [1541134.1154135,11
[1542119. . ,128109
23. ,1281010

 

