’212 111 mnu

0111111111111 1114113 . 16911209 6111111111Δὸ 1111412 ,1162111011

3 . 161 1111,4

13. 16111101

88 11148130. 1491113,11
1111149129. 82911413
1115018 . 12211012
32. 8141 11105

Γ5 11155118. 11411014
Γ6 11156113.838011110,2
18 11151131, 1148 11314
1115813 . 1113211309
1101115318 . 13511014
24. 13511018

21. ,1351101

1115311 . . ,4351102

5 . . 11351104

21. 13511011

21. ,1361101
11160123, 11141 11105
11111162121 . 1133 113010
Δ 1 11165121 sqq. 18511206
11166116 . 1184 112014
11166112. 1484112015

112 11166128. 1184112018
29 11101 113014

31. 18411203

35. 18511206
11161111. 1186 112010
28. 18511209

13 11161136. 1183 11 21,11
11161415. 189 112019

Δ4 1111016 . 19011204
1 ,1491112010

32. 101 112011
11110128. 19011204
31. 1412112013

1111111 . 1132112016
21. .116114,2.

8201 11811

22 1134511 10114

1111112 1118113116

8 ,868115118

18. 1163 111018

30 1134611 104,19

11112131. A 101 11302
1111216 . 14611135
13. 13011204

35. 13011204

1111318 . 1132112013
Ab 1111311 1118113016
ἶ) . 1111111506

89112018

3 . 11411214

1111411 ,1101113013
16 11114115. 8284 11.91,1
11115114. 18411205
Δ1 11115125-36. . ,181
112014

21. A 102 11303

34. 1181112020

11116113 . 1102 11303

As 11116123- 19411203
11111122 ,48311206
119 11111128. 183 112119
1110 11111 b 12 B 518 11 14010
83 11183128. 11131131,1

Decolor. 1119811 . . . 1145 113114
Physiogn. 5 11809136-810110. . 8211

119026
61181142 . . 8485111203
11812111 . 1101113015

nimi». ausc. 21183015 . 8451 11122,1

51183112 . 8489 1112014
9118311111 8551111404
121183111 . 8391111106
2511832122 8358111001.

369111004
’26 11832123 8369 p. 1004
28 11832131 8361 11 101,16.

310111001
6511835126 8435111204
6111835130 8343111015
1511835421 8501111315
8011836119 8558111406
122 11842115 84131111016
124 1184213 . 8420111101
1251184216 ,8311 1110010
12811842121 85591114010
12911842432 84441112026
1381184419 . 1156011140,Ιό
14411845111 8342110032
145 11845124 8325 1110116
148 1184516 . 8312 1110013

Problem. Δ31 11880134. 1101 p. 3013

111111111111
11 11111131. 1109 11111

11113611161.... 13111
Pseudepigraphus ed. Rose. 11291 . 1121

113011
11316 . 140
1111,9

 

